    1.     
    0.427  
  -0.969  
    0.879  
    0.3    
  -0.322  
    0.169  
    0.975  
  -0.988  
    0.832  
    0.779  
    0.687  
    0.984  
  -0.67   
    0.75   
  -0.868  
  -0.969  
  -0.994  
    0.034  
    0.467  
    0.124  
  -0.957  
  -1.     
  -0.636  
    0.963  
  -0.957  
    0.687  
    0.996  
    0.991  
    0.079  
  -0.67   
    0.257  
    0.975  
    0.806  
    0.996  
  -0.364  
    0.213  
  -0.927  
  -0.146  
  -0.235  
  -0.994  
    0.618  
  -0.845  
    0.618  
    0.935  
    0.582  
  -0.889  
    0.719  
  -0.998  
  -0.447  
  -0.406  
  -0.998  
    0.545  
  -0.703  
    0.856  
    0.991  
    0.95   
  -0.322  
  -0.102  
  -0.564  
    0.653  
    0.779  
  -0.056  
  -0.845  
    0.806  
    0.257  
  -0.526  
  -0.235  
    0.935  
  -0.601  
    0.935  
  -0.235  
  -0.526  
    0.257  
    0.806  
  -0.845  
  -0.056  
    0.779  
    0.653  
  -0.564  
  -0.102  
  -0.322  
    0.95   
    0.991  
    0.856  
  -0.703  
    0.545  
  -0.998  
  -0.406  
  -0.447  
  -0.998  
    0.719  
  -0.889  
    0.582  
    0.935  
    0.618  
  -0.845  
    0.618  
  -0.994  
  -0.235  
  -0.146  
  -0.927  
    0.213  
  -0.364  
    0.996  
    0.806  
    0.975  
    0.257  
  -0.67   
    0.079  
    0.991  
    0.996  
    0.687  
  -0.957  
    0.963  
  -0.636  
  -1.     
  -0.957  
    0.124  
    0.467  
    0.034  
  -0.994  
  -0.969  
  -0.868  
    0.75   
  -0.67   
    0.984  
    0.687  
    0.779  
    0.832  
  -0.988  
    0.975  
    0.169  
  -0.322  
    0.3    
    0.879  
  -0.969  
    0.427  
    1. 
