   0.     
  -0.904  
    0.246  
  -0.477  
    0.954  
    0.947  
    0.986  
  -0.224  
  -0.158  
  -0.554  
    0.627  
    0.727  
  -0.18   
  -0.742  
    0.662  
    0.497  
  -0.246  
    0.113  
    0.999  
  -0.884  
    0.992  
    0.29   
    0.023  
    0.772  
    0.268  
  -0.29   
  -0.727  
    0.09   
  -0.135  
  -0.997  
    0.742  
  -0.966  
    0.224  
    0.591  
  -0.09   
  -0.931  
    0.977  
  -0.375  
  -0.989  
  -0.972  
  -0.113  
    0.786  
  -0.535  
  -0.786  
  -0.354  
  -0.813  
  -0.457  
    0.695  
    0.068  
  -0.895  
  -0.914  
  -0.068  
    0.838  
  -0.711  
  -0.516  
    0.135  
  -0.311  
  -0.947  
    0.995  
  -0.826  
  -0.757  
  -0.627  
  -0.998  
    0.535  
  -0.591  
    0.966  
    0.851  
    0.972  
    0.354  
  -0.8    
    0.354  
    0.972  
    0.851  
    0.966  
  -0.591  
    0.535  
  -0.998  
  -0.627  
  -0.757  
  -0.826  
    0.995  
  -0.947  
  -0.311  
    0.135  
  -0.516  
  -0.711  
    0.838  
  -0.068  
  -0.914  
  -0.895  
    0.068  
    0.695  
  -0.457  
  -0.813  
  -0.354  
  -0.786  
  -0.535  
    0.786  
  -0.113  
  -0.972  
  -0.989  
  -0.375  
    0.977  
  -0.931  
  -0.09   
    0.591  
    0.224  
  -0.966  
    0.742  
  -0.997  
  -0.135  
    0.09   
  -0.727  
  -0.29   
    0.268  
    0.772  
    0.023  
    0.29   
    0.992  
  -0.884  
    0.999  
    0.113  
  -0.246  
    0.497  
    0.662  
  -0.742  
  -0.18   
    0.727  
    0.627  
  -0.554  
  -0.158  
  -0.224  
    0.986  
    0.947  
    0.954  
  -0.477  
    0.246  
  -0.904  
    0.     
