    0.6874  
    0.0876  
  -1.0355  
    1.1008  
  -0.3363  
  -0.5487  
    0.9023  
  -0.5179  
  -0.1044  
    0.4383  
  -0.3484  
    0.0811  
    0.0095  
    0.0604  
  -0.048   
  -0.1909  
    0.4766  
  -0.4052  
  -0.1248  
    0.7371  
  -0.832   
    0.1598  
    0.7979  
  -1.2059  
    0.586   
    0.6534  
  -1.4641  
    1.0759  
    0.3015  
  -1.5431  
    1.547   
  -0.2239  
  -1.3752  
    1.8879  
  -0.8304  
  -0.9551  
    1.9867  
  -1.3816  
  -0.3653  
    1.8032  
  -1.7451  
    0.2616  
    1.389   
  -1.8503  
    0.7937  
    0.8458  
  -1.7019  
    1.1359  
    0.2885  
  -1.3526  
    1.2403  
  -0.1706  
  -0.89    
    1.1053  
  -0.4382  
  -0.4329  
    0.7858  
  -0.4651  
  -0.1018  
    0.392   
  -0.2704  
    0.0205  
    0.0491  
    0.0619  
  -0.0856  
  -0.1429  
    0.4238  
  -0.3793  
  -0.1234  
    0.7112  
  -0.7856  
    0.1221  
    0.824   
  -1.2049  
    0.5589  
    0.6891  
  -1.5052  
    1.0966  
    0.3026  
  -1.5652  
    1.5887  
  -0.2584  
  -1.3502  
    1.8889  
  -0.8582  
  -0.918   
    1.9415  
  -1.3586  
  -0.364   
    1.7768  
  -1.6919  
    0.2173  
    1.4238  
  -1.8489  
    0.751   
    0.9019  
  -1.7799  
    1.174   
    0.2912  
  -1.3993  
    1.3728  
  -0.2097  
