    0.2482  
    0.1905  
    1.6041  
    2.2644  
    0.5091  
  -0.3174  
    0.626   
    0.8275  
  -0.1887  
  -0.7044  
  -0.1988  
    0.062   
  -0.0254  
    0.1288  
    0.072   
  -0.1082  
    0.3212  
    0.6643  
  -0.2462  
  -1.1711  
  -0.4717  
    0.1077  
  -1.3169  
  -2.4096  
  -0.9303  
    0.3709  
  -0.9782  
  -1.7744  
    0.6033  
    2.4474  
    0.8778  
  -0.1495  
    2.2671  
    3.7747  
    1.317   
  -0.5418  
    1.3278  
    2.2778  
  -0.7303  
  -2.8603  
  -0.99    
    0.1748  
  -2.29    
  -3.6992  
  -1.259   
    0.4798  
  -1.1374  
  -1.8727  
    0.5767  
    2.1455  
    0.7037  
  -0.114   
    1.4673  
    2.2098  
    0.6951  
  -0.2456  
    0.5252  
    0.7668  
  -0.2034  
  -0.6219  
  -0.1534  
    0.0137  
  -0.081   
    0.124   
    0.1356  
  -0.0809  
    0.2833  
    0.6251  
  -0.2462  
  -1.1288  
  -0.4452  
    0.0815  
  -1.3591  
  -2.4076  
  -0.8881  
    0.3923  
  -1.0063  
  -1.8092  
    0.608   
    2.4787  
    0.9052  
  -0.1744  
    2.2237  
    3.7834  
    1.351   
  -0.5101  
    1.2915  
    2.2365  
  -0.7126  
  -2.8432  
  -0.9331  
    0.1284  
  -2.353   
  -3.6618  
  -1.2499  
    0.5731  
  -1.2193  
  -1.9741  
    0.7064  
    2.0428  
    0.8861  
    0.0754
